$ANSIBLE_VAULT;1.1;AES256
30373863376331653539323663363061663530643536353237656461643533303832646537336132
6365313165623263323439373361326139383731383466360a353039386534386536313033643065
35303838396630313361373733333532643162623761376531636533656330653634653766356135
3665633364646335630a336335353561326137356135663664303161663165626535323462336161
36613663336239653230363334653835633436633631613037393631386631316337373866663962
64373761376433373061366434366265653964383935313939383162396531646533373962616531
63626131366432613261633033663164336336356535643939343861303363313536393338363032
33653636353534393861343235326639653461386531306665306231643030343039323335653134
39656632313663356566616435643737643937386163646134343164323232666561373063613038
31653061313837313061306261656234656436353936303134663165363964666430316330616364
383335373136663634343861373931373063
